17.7012
18.50984
19.33596
20.1446
20.9356
21.709
22.5
23.27346
24.09965
24.89065
25.6817
26.4727
27.2637
28.0547
28.8458
29.6368
30.4278
31.2188
31.97465
32.7481
33.5567
34.3477
35.12115
35.91215
36.70315
37.4942
38.2852
39.0938
39.88484
40.6583
41.4493
42.2403
43.0137
43.8047
44.57815
45.3692
46.1602
46.9512
47.72465
48.51565
49.3243
50.0977
50.8887
51.6797
52.4708
53.2618
54.0528
54.8262
55.6172
56.4083
57.1817
57.9727
58.7462
59.5548
60.3458
61.1368
61.9102
62.7013
63.4923
64.2833
65.0743
65.9004
66.709
67.5
68.291
69.082
69.8732
70.6817
71.4903
72.2813
73.0899
73.8809
74.6895
75.4805
76.2715
77.0625
77.8535
78.6445
79.4532
80.2442
81.0352
81.8438
82.6348
83.4434
84.2344
85.0254
85.8164
86.625
87.416
88.207
88.9805
89.7715
90.5802
91.3712
92.1622
92.9532
93.7442
94.5352
95.3438
96.1173
96.9258
97.7169
98.5079
99.3164
100.1075
100.8985
101.6895
102.4805
103.2892
104.0802
104.8888
105.6798
106.4708
107.2794
108.0528
108.8614
109.6524
110.4434
111.2344
112.043
112.834
113.6427
114.4337
115.2247
116.0508
116.8243
117.6153
118.4063
119.1798
119.9708
120.7794
121.5704
122.3614
123.1524
123.961
124.752
125.5607
126.3517
127.1602
127.9513
128.7423
129.5508
130.3419
131.1504
131.9414
132.75
133.5235
134.332
135.1232
135.9317
136.7227
137.5138
138.3223
139.1133
139.9219
140.7129
141.5215
142.3302
143.1388
143.9473
144.7383
145.5469
146.3379
147.1289
147.9375
148.7285
149.5372
150.3458
151.1368
151.9454
152.7364
153.5274
154.3184
155.127
155.918
156.7267
157.5
158.3087
159.0997
159.8907
160.6993
161.5079
162.3164
163.125
163.916
164.707
165.4982
166.3067
167.1153
167.9063
168.7149
169.5235
170.3497
171.1407
171.9493
172.7403
173.5489
174.3399
175.1485
175.957
176.7657
177.5567
178.3653
179.1563
179.9649
180.7383
181.5469
182.3379
183.1465
183.9375
184.7462
185.5372
186.3458
187.1368
187.9278
188.7364
189.5274
190.336
191.127
191.9357
192.7267
193.5352
194.3438
195.1348
195.9434
196.752
197.543
198.334
199.125
199.9513
200.7423
201.5333
202.3594
203.1504
203.959
204.7677
205.5763
206.3673
207.1583
207.9669
208.7579
209.5489
210.3575
211.1485
211.957
212.7482
213.5567
214.3653
215.1739
215.9649
216.7735
217.582
218.3732
219.1817
219.9903
220.7813
221.5899
222.3809
223.1895
223.9629
224.7715
225.5625
226.3712
227.1622
227.9532
228.7442
229.5352
230.3263
231.1173
231.9258
232.7169
233.5079
234.2989
235.0899
235.8809
236.6719
237.4629
238.2715
239.0625
239.8535
240.6445
241.4357
242.209
242.9825
243.791
244.582
245.3732
246.1817
246.9727
247.7638
248.5723
249.3633
250.1544
250.9454
251.7364
252.545
253.3535
254.1798
254.9883
255.7794
256.5704
257.3789
258.17
258.9785
259.7695
260.5607
261.3692
262.1778
262.9688
263.7598
264.5508
265.3594
266.1504
266.9414
267.7325
268.541
269.332
270.1232
270.9317
271.7403
272.5313
273.3399
274.1309
274.9395
275.7482
276.5392
277.3477
278.1388
278.9473
279.7559
280.5645
281.3555
282.1642
282.9727
283.7813
284.5899
285.3985
286.1895
286.9982
287.8067
288.6153
289.4063
290.2149
291.0235
291.8145
292.6232
293.4317
294.2227
295.0313
295.8399
296.6485
297.4395
298.2482
299.0567
299.8653
300.6739
301.4825
302.291
303.0997
303.9083
304.7344
305.543
306.3517
307.1602
307.9688
308.7774
309.586
310.4122
311.2032
312.0118
312.8204
313.6465
314.4375
315.2638
316.0723
316.8633
317.6544
318.4454
319.2539
320.0625
320.8712
321.6798
322.4883
323.2969
324.1055
324.8965
325.7052
326.5313
327.3223
328.1309
328.9395
329.7482
330.5743
331.3829
332.1739
332.9825
333.7735
334.582
335.3907
336.1993
337.0079
337.7989
338.6075
339.416
340.2247
341.0333
341.8243
342.6329
343.4414
344.2325
345.041
345.832
346.6583
347.4669
348.2754
349.084
349.875
350.6837
351.4923
352.3008
353.127
353.9357
354.7442
355.5528
356.3263
357.1348
357.9434
358.7344
359.5607
360.3517
361.1602
361.9688
362.7774
363.5684
364.377
365.1857
365.9767
366.7677
367.5763
368.3673
369.1758
369.9669
370.7754
371.5664
372.3575
373.166
373.957
374.7482
375.5567
376.3477
377.1563
377.9473
378.7559
379.5294
380.3379
381.1465
381.9375
382.7462
383.5372
384.3458
385.1368
385.9454
386.7364
387.5625
388.3712
389.1798
389.9708
390.7618
391.5704
392.3789
393.1875
393.9962
394.7872
395.6133
396.4044
397.2129
398.0215
398.8477
399.6563
400.4473
401.2559
402.0645
402.8555
403.6642
404.4727
405.2638
406.0548
406.8633
407.6719
408.4629
409.2715
410.0802
410.8888
411.6798
412.4708
413.2794
414.0879
414.8789
415.6875
416.4785
417.3048
418.1133
418.9219
419.7129
420.5039
421.295
422.086
422.8945
423.6857
424.4767
425.2852
426.0938
426.8848
427.6934
428.4844
429.2754
430.0489
430.8575
431.6485
432.4395
433.2482
434.0392
434.8302
435.6212
436.4122
437.1857
437.9767
438.75
439.541
440.332
441.1232
441.9142
442.7052
443.5138
444.2872
445.0782
445.8692
446.6427
447.4337
448.2247
449.0508
449.8419
450.6329
451.4239
452.2149
453.0059
453.7794
454.5879
455.3789
456.1524
456.961
457.752
458.543
459.334
460.125
460.916
461.6895
462.4982
463.3067
464.0977
464.8888
465.6798
466.4883
467.2794
468.0704
468.8614
469.67
470.461
471.2695
472.0607
472.8692
473.6602
474.4513
475.2598
476.0684
476.8594
477.6504
478.459
479.2677
480.0587
480.8497
481.6583
482.4669
483.2579
484.0664
484.8575
485.6837
486.4747
487.2833
488.0919
488.9004
489.709
490.5177
491.3087
492.1173
492.9083
493.7169
494.5254
495.334
496.1427
496.9513
497.7598
498.5684
499.3594
500.1857
500.9767
501.8028
502.6114
503.4024
504.211
505.0195
505.8282
506.6368
507.4278
508.2188
509.0274
509.836
510.6445
511.4357
512.2267
513.0352
513.8263
514.6173
515.4258
516.2344
517.0254
517.834
518.6427
519.4337
520.2423
521.0333
521.8419
522.6329
523.4239
524.2325
525.0235
525.832
526.6232
527.4317
528.2403
529.0313
529.8399
530.6485
531.4395
532.2305
533.0392
533.8302
534.6388
535.4473
536.2208
537.0118
537.8028
538.6114
539.4024
540.211
541.002
541.793
542.584
543.3927
544.1837
544.9923
545.7833
546.5743
547.3829
548.1914
549
549.791
550.5645
551.3555
552.1465
552.9552
553.7462
554.5548
555.3633
556.1719
556.9805
557.7715
558.5802
559.3888
560.1973
561.0059
561.8145
562.6055
563.4142
564.2052
565.0138
565.8048
566.5958
567.3868
568.1778
568.9864
569.795
570.586
571.377
572.1857
572.9942
573.7852
574.5938
575.3848
576.1934
576.9844
577.7754
578.584
579.3927
580.2013
581.0274
581.836
582.6445
583.4532
584.2442
585.0528
585.8789
586.6875
587.4962
588.3048
589.1133
589.9219
590.7305
591.5392
592.3653
593.1914
594.0177
594.8087
595.6173
596.4258
597.2344
598.0607
598.8517
599.6602
600.4513
601.2598
602.0684
602.8594
603.668
604.459
605.2677
606.0938
606.8848
607.6934
608.502
609.3107
610.1017
610.9102
611.7188
612.5098
613.336
614.127
614.9357
615.7267
616.5352
617.3263
618.1348
618.9258
619.7344
620.543
621.3517
622.1602
622.9513
623.7598
624.5684
625.3594
626.168
626.9767
627.7852
628.5938
629.4024
630.1934
631.0195
631.8282
632.6368
633.4454
634.2539
635.045
635.8535
636.6798
637.4883
638.2969
639.1055
639.8965
640.7052
641.5138
642.3223
643.1309
643.9395
644.7482
645.5392
646.3477
647.1563
648
648.8087
649.5997
650.4083
651.1993
651.9903
652.7989
653.6075
654.3985
655.207
655.9982
656.7892
657.5977
658.4063
659.1973
660.0059
660.7969
661.6055
662.4142
663.2227
664.0313
664.8223
665.6133
666.4044
667.1954
667.9864
668.795
669.586
670.377
671.1857
671.9767
672.7852
673.5763
674.3848
675.1934
676.002
676.8107
677.6017
678.4102
679.2013
680.0098
680.8008
681.6094
682.3829
683.1914
683.9825
684.7735
685.582
686.3907
687.2169
688.0254
688.8164
689.6075
690.416
691.207
691.9982
692.7892
693.5977
694.3888
695.1798
695.9708
696.7618
697.5528
698.3438
699.1524
699.9258
700.7344
701.543
702.334
703.125
703.9337
704.7423
705.5508
706.3419
707.1329
707.9414
708.7325
709.541
710.3497
711.1407
711.9493
712.7403
713.5489
714.3399
715.1309
715.9395
716.7305
717.5392
718.3302
719.1388
719.9298
720.7383
721.5294
722.3204
723.1114
723.9024
724.711
725.502
726.3107
727.1017
727.8927
728.6837
729.4747
730.2657
731.0567
731.8477
732.6388
733.4122
734.2032
734.9942
735.7852
736.5763
737.3673
738.1407
738.9493
739.7403
740.5489
741.3223
742.1309
742.9219
743.7129
744.5039
745.295
746.086
746.8945
747.7032
748.4942
749.2852
750.0587
750.8497
751.6583
752.4493
753.2403
754.0489
754.8399
755.6485
756.4395
757.2482
758.0567
758.8477
759.6388
760.4298
761.2383
762.0118
762.8204
763.6114
764.4024
765.211
766.002
766.793
767.6017
768.3927
769.2013
769.9923
770.7833
771.5919
772.4004
773.1914
773.9825
774.791
775.582
776.3732
777.1817
777.9727
778.7813
779.5723
780.3809
781.1895
781.9982
782.8067
783.5977
784.4063
785.1973
785.9883
786.7794
787.5704
788.3614
789.17
789.961
790.752
791.5607
792.3517
793.1427
793.9337
794.7247
795.4982
796.3067
797.1153
797.9063
798.6973
799.4883
800.2794
801.0879
801.8789
802.6875
803.4785
804.2695
805.0782
805.8692
806.6602
807.416
808.207
808.9805
809.7715
810.5802
811.3888
812.1973
812.9883
813.7618
814.5704
815.3614
816.1524
816.961
817.752
818.543
819.334
820.1427
820.9337
821.7247
822.5157
823.3243
824.1329
824.9063
825.7149
826.5235
827.332
828.1232
828.9317
829.7227
830.5138
831.3048
832.0958
832.8868
833.6954
834.5039
835.295
836.1035
836.8945
837.7032
838.5118
839.3028
840.1114
840.9024
841.6934
842.502
843.293
844.084
844.8927
845.7188
846.545
847.3535
848.1445
848.9357
849.7442
850.5528
851.3614
852.1524
852.9434
853.752
854.5607
855.3517
856.1602
856.9513
857.7598
858.5508
859.3419
860.1329
860.9239
861.7149
862.5059
863.3145
864.1055
864.9142
865.7227
866.5313
867.3223
868.1309
868.9219
869.7305
870.5215
871.3125
872.1035
872.877
873.668
874.459
875.25
876.0235
876.832
877.6232
878.4317
879.2403
880.0313
880.8399
881.6485
882.457
883.2657
884.0743
884.9004
885.709
886.5177
887.3263
888.1348
888.9434
889.752
890.5607
891.3517
892.1602
892.9513
893.7598
894.5508
895.377
896.1857
896.9767
897.7852
898.5763
899.3673
900.1934
900.9844
901.7754
902.6368
