11.6719
12.9024
14.0274
15.1173
16.2247
17.3145
18.4043
19.4942
20.584
21.6563
22.7285
23.836
24.9083
25.998
27.0879
28.1602
29.25
30.3399
31.4298
32.5195
33.5918
34.6465
35.7364
36.8262
37.9337
39.0059
40.0782
41.1855
42.2579
43.3477
44.4375
45.5098
46.6173
47.6895
48.7618
49.8517
50.9239
51.9962
53.086
54.1583
55.2305
56.3204
57.4102
58.4649
59.5548
60.627
61.6993
62.7892
63.8614
64.9337
66.0059
67.0958
68.1855
69.2754
70.3653
71.4552
72.5274
73.5997
74.6543
75.709
76.7813
77.8535
78.9083
79.998
81.0704
82.1602
83.2324
84.3048
85.377
86.4668
87.5215
88.5762
89.666
90.7208
91.8105
92.8829
93.9727
95.0449
96.1173
97.1895
98.2618
99.3517
100.4414
101.5137
102.5684
103.6407
104.6954
105.75
106.7344
107.8067
108.8438
109.8809
110.9708
112.0782
113.1855
114.2579
115.418
116.6309
117.791
118.9688
120.1817
121.4649
122.836
125.5958
126.8438
128.0567
129.2344
130.3945
131.5372
132.6973
133.8399
134.9824
136.1074
137.2149
138.3574
139.4824
140.5899
141.7149
142.8223
143.9122
145.0372
146.1445
147.252
148.3594
149.4493
150.5567
151.6642
152.7715
153.8789
154.9688
156.0587
157.166
158.2735
159.3457
160.4357
161.5429
162.6329
163.7052
164.8127
165.9024
167.0099
168.0997
169.2247
170.3144
171.4219
172.5469
173.6367
174.7442
175.8692
176.9589
178.0664
179.1564
180.2814
181.4239
182.5489
183.6739
184.8164
185.9414
187.0664
188.1739
189.3164
190.4414
191.5664
192.6739
193.7989
194.9239
196.0314
197.1564
198.2462
199.3537
200.4609
201.5859
202.6934
203.8184
204.9434
206.0509
207.1407
208.2304
209.3204
210.4277
211.5352
212.6427
213.7149
214.8224
215.9297
217.0372
218.1447
219.2519
220.3419
221.4669
222.5742
223.6642
224.7539
225.8614
226.9512
228.0412
229.1309
230.2207
231.3282
232.4004
233.4902
234.5802
235.6699
236.7599
237.8497
238.9572
240.0294
241.1017
242.1914
243.2989
244.4064
245.5314
246.6387
247.7462
248.8537
249.9434
251.0509
252.1582
253.2482
254.3554
255.4454
256.5352
257.6252
258.7324
259.8399
260.9122
262.0197
263.1094
264.2169
265.3242
266.4317
267.5392
268.6464
269.7539
270.8614
271.9337
273.0412
274.1309
275.2207
276.2929
277.3829
278.5079
279.5802
280.6877
281.7774
282.9024
283.9922
285.0644
286.1544
287.2442
288.3164
289.4064
290.4962
291.5684
292.6582
293.7304
294.8204
295.8927
296.9649
298.0547
299.1094
300.1817
301.2539
302.3439
303.3984
304.4884
305.5782
306.6504
307.7227
308.8127
309.8849
310.9747
312.0469
313.1192
314.1914
315.2637
316.3359
317.4082
318.4804
319.5352
320.5899
321.6622
322.7344
323.7892
324.8614
325.8984
326.9884
328.0782
329.1504
330.2227
331.3127
332.3849
333.4922
334.5822
335.6544
336.7089
337.7989
338.8887
339.9609
341.0157
342.0879
343.1602
344.2149
345.3047
346.3594
347.4317
348.5039
349.5762
350.6662
351.7384
352.7929
353.8829
354.9727
356.0449
357.1172
358.1894
359.2617
360.3339
361.4064
362.4609
363.5332
364.6054
365.6954
366.7677
367.8399
368.9122
370.0197
371.0919
372.1642
373.2364
374.3262
375.3809
376.4707
377.5782
378.6504
379.7754
380.8652
381.9552
383.0627
384.1524
385.2599
386.3322
387.4044
388.4767
389.5314
390.6212
391.6759
392.7657
393.8379
394.9629
396.0527
397.1602
398.2324
399.3399
400.4297
401.5019
402.5919
403.6992
404.8067
405.9317
407.0214
408.1114
409.2364
410.3439
411.4337
412.5412
413.6484
414.7384
415.8282
416.9004
418.0079
419.1329
420.2052
421.3127
422.4377
423.5449
424.6349
425.7422
426.8497
427.9572
429.0644
430.1544
431.2442
432.3164
433.4064
434.5137
435.6212
436.7109
437.8184
438.9082
439.9804
441.0879
442.1602
443.2502
444.3574
445.4649
446.5899
447.6797
448.8224
449.9297
451.0372
452.1269
453.2344
454.3242
455.3789
456.4689
457.5412
458.6309
459.7032
460.7929
461.8652
462.9199
463.9747
465.0644
466.1367
467.2267
468.2989
469.3537
470.4434
471.5157
472.6054
473.6427
474.7149
475.7519
476.8242
477.8789
478.9337
479.9884
481.0607
482.1152
483.1877
484.2599
485.3144
486.3692
487.4414
488.5137
489.5859
490.6407
491.7304
492.8027
493.8927
494.9649
496.0197
497.0742
498.1642
499.2539
500.3262
501.3809
502.4532
503.5254
504.5802
505.6524
506.7072
507.7617
508.8339
509.9064
510.9787
512.0509
513.1407
514.1954
515.2677
516.3399
517.3947
518.4669
519.5567
520.6289
521.7189
522.7734
523.8457
524.9179
525.9902
527.0449
528.0997
529.1719
530.2267
531.3164
532.3887
533.4609
534.5332
535.6232
536.6954
537.7502
538.8224
539.8769
540.9669
542.0214
543.0762
544.1662
545.2032
546.2754
547.3652
548.4377
549.5274
550.6172
551.7072
552.7794
553.8692
554.9589
556.0137
557.1212
558.1934
559.3009
560.4259
561.5157
562.5879
563.6954
564.7677
565.8574
566.9649
568.0547
569.1622
570.2697
571.3769
572.5019
573.6094
574.7344
575.8769
577.0197
578.1269
579.2519
580.3769
581.5197
582.6447
583.7519
584.8769
585.9669
587.0742
588.1642
589.2539
590.3262
591.3984
592.4707
593.5254
594.5977
595.6877
596.7599
597.7969
598.8517
599.9064
600.9787
602.0332
603.1232
604.1777
605.2324
606.3047
607.3594
608.4142
609.4689
610.5412
611.6134
612.6857
613.7579
614.8127
615.8672
616.9394
618.0117
619.0664
620.1212
621.2109
622.2657
623.3379
624.4102
625.5002
626.5547
627.6447
628.7344
629.8067
630.8789
631.9512
633.0234
634.0957
635.1679
636.2227
637.2949
638.3672
639.4394
640.5117
641.5839
642.6564
643.7287
644.8009
645.8554
646.9277
647.9649
649.0197
650.0919
651.1642
652.2364
653.2912
654.3457
655.4179
656.4902
657.5449
658.5997
659.6544
660.7089
661.7462
662.7832
663.8554
664.9102
665.9649
667.0197
668.0919
669.1289
670.1837
671.2384
672.2929
673.3477
674.3849
675.4219
676.4767
677.5489
678.6212
679.6759
680.7657
681.8204
682.8574
683.9297
684.9844
686.0392
687.0762
688.1484
689.2032
690.2754
691.3302
692.4024
693.4572
694.5294
695.5839
696.6387
697.7109
698.7657
699.8379
700.9102
701.9649
703.0372
704.0919
705.1817
706.2364
707.3262
708.3809
709.4532
710.5254
711.5802
712.6524
713.7072
714.7794
715.8339
716.9064
717.9787
719.0332
720.0879
721.1427
722.2149
723.3047
724.3947
725.4844
726.5567
727.6289
728.6837
729.7734
730.8809
731.9884
733.0957
734.2032
735.2929
736.3652
737.4552
738.5449
739.6349
740.7247
741.8322
742.9044
743.9767
745.0664
746.1212
747.1934
748.2657
749.3379
750.3927
751.5002
752.5899
753.6622
754.7519
755.8242
756.9142
757.9864
759.0587
760.1484
761.2384
762.3107
763.4004
764.4727
765.5274
766.5997
767.6894
768.7617
769.8692
770.9767
772.0664
773.1212
774.1759
775.2304
776.3027
777.3399
778.4122
779.4669
780.5214
781.5587
782.6134
783.6679
784.7052
785.7599
786.8144
787.8692
788.9064
789.9609
791.0157
792.0527
793.1074
794.1447
795.1992
796.2364
797.2912
798.3282
799.3829
800.4377
801.5274
802.5644
803.6367
804.6914
805.7287
806.7832
807.8204
808.8927
809.9474
810.9844
812.0039
813.0587
814.1309
815.2032
816.2402
817.2949
818.3322
819.3692
820.4414
821.4962
822.5684
823.6232
824.6602
825.7149
826.7697
827.8419
828.8964
829.9689
831.0234
832.0607
833.1329
834.1877
835.2599
836.3322
837.4044
838.4767
839.5314
840.5859
841.6407
842.6954
843.7677
844.8224
845.9122
846.9844
848.0392
849.1114
850.1662
851.2559
852.3282
853.3829
854.4552
855.5449
856.6172
857.6894
858.7617
859.8339
860.9064
861.9787
863.0509
864.1232
865.2129
866.2852
867.3927
868.4649
869.5547
870.6622
871.7519
872.8419
873.9317
875.0214
876.1114
877.1837
878.2559
879.3107
880.4004
881.4377
882.4922
883.5469
884.6192
885.6739
886.7287
887.7657
888.8379
889.8927
890.9474
892.0197
893.0742
894.1289
895.1662
896.2207
897.2579
898.3127
899.3497
900.4044
901.3887
